Feature_Set:0
AIP: 0.944461
Slope: 0.687983
TDIA: 0.71
SIP: 0.859922

